blue_cable_tie 3435 1973 3507 2082
blue_cable_tie 2970 1988 3041 2103
blue_cable_tie 2750 2476 2861 2558
blue_cable_tie 2752 2892 2864 2963
bolt_v1 2408 280 2573 442
bolt_v1 1679 301 1858 477
bolt_v1 1498 275 1565 365
bolt_v1 2645 241 2700 341
bolt_v1 1839 139 1947 176
bolt_v1 1879 137 1975 172
bolt_v1 1510 447 1565 533
screw_v1 809 1677 878 1751
screw_v1 790 1069 857 1128
screw_v1 789 771 860 848
screw_v1 2146 836 2219 903
screw_v1 925 1486 997 1562
screw_v1 1900 1558 1960 1615
screw_v1 3554 1296 3627 1358
screw_v1 3537 887 3612 955
screw_v2 1560 1157 1642 1232
screw_v2 2932 1071 3008 1142
screw_v2 2494 1307 2580 1377
screw_v2 3494 1578 3580 1650
screw_v2 2500 1210 2580 1280
screw_v2 3006 1347 3089 1429
screw_v2 777 933 852 1001
screw_v2 3414 907 3476 975
transparent_cap 91 1445 294 1649
welding_seam 2606 2616 2693 2762
welding_seam 3119 1842 3347 1930
welding_seam 2912 2599 2989 2726
yellow_cable_tie 2710 1633 2801 1695
yellow_cable_tie 3625 1146 3684 1245
yellow_cable_tie 3752 771 3812 856
yellow_cable_tie 2330 930 2382 1026
yellow_cable_tie 3817 932 3909 991
yellow_cable_tie 2884 1222 2951 1308
yellow_cable_tie 2736 1405 2814 1460
yellow_cable_tie 209 1075 326 1134
yellow_cable_tie 833 1279 884 1376
yellow_cable_tie 1424 1377 1481 1455
yellow_cable_tie 3594 120 3662 188
yellow_cable_tie 2658 1142 2746 1203
yellow_cable_tie 2003 959 2065 1056
yellow_cable_tie 272 1468 361 1560
yellow_cable_tie 3850 447 3918 510
yellow_cable_tie 683 357 741 443
yellow_cable_tie 2425 14 2481 58
yellow_cable_tie 211 800 306 863
yellow_cap 1853 1201 2079 1400
yellow_cap 3447 983 3575 1133
yellow_cap 3527 1382 3681 1569
yellow_cap 958 972 1107 1182
blue_cable_tie 2962 1973 3047 2121
blue_cable_tie 3423 1968 3522 2094
blue_cable_tie 2748 2480 2871 2572
blue_cable_tie 2738 2888 2871 2973
bolt_v1 2428 272 2579 442
bolt_v1 1487 266 1546 367
bolt_v1 1680 297 1853 468
bolt_v1 2644 229 2700 322
screw_v1 785 763 878 846
screw_v1 771 1056 880 1131
screw_v1 918 1480 1021 1569
screw_v1 803 1681 902 1758
screw_v1 2132 826 2240 911
screw_v1 3525 872 3619 956
screw_v1 1889 1544 1980 1621
screw_v2 1562 1139 1657 1232
screw_v2 2996 1330 3087 1429
screw_v2 2919 1051 3018 1141
screw_v2 3494 1578 3589 1670
screw_v2 764 911 862 999
screw_v2 2488 1291 2581 1392
screw_v2 2494 1197 2584 1296
screw_v2 3393 897 3483 991
transparent_cap 95 1472 259 1630
welding_seam 2594 2590 2699 2766
welding_seam 3110 1830 3348 1935
welding_seam 2890 2584 3009 2761
yellow_cable_tie 3622 1136 3694 1242
yellow_cable_tie 3591 104 3674 198
yellow_cable_tie 3814 917 3919 996
yellow_cable_tie 2713 1613 2813 1695
yellow_cable_tie 223 1056 324 1126
yellow_cable_tie 2876 1220 2957 1305
yellow_cable_tie 2332 926 2406 1026
yellow_cable_tie 3749 768 3831 856
yellow_cable_tie 229 789 326 858
yellow_cable_tie 1421 1370 1497 1460
yellow_cable_tie 2737 1382 2836 1456
yellow_cable_tie 278 1476 362 1554
yellow_cable_tie 828 1260 907 1377
yellow_cable_tie 3843 439 3925 521
yellow_cable_tie 2653 1125 2744 1194
yellow_cable_tie 1997 950 2082 1049
yellow_cable_tie 666 350 746 426
yellow_cap 1833 1200 2107 1398
yellow_cap 3527 1370 3694 1574
yellow_cap 3446 968 3593 1138
yellow_cap 933 952 1134 1172
bolt_v1 1126 92 1231 170
bolt_v1 1088 974 1143 1065
bolt_v1 2894 306 2978 405
bolt_v5 1257 1133 1391 1272
bolt_v5 1496 1145 1633 1273
green_disk 3336 2209 3760 2458
green_disk 3152 2173 3933 2503
screw_v1 1522 2349 1596 2418
screw_v1 2563 1438 2632 1496
screw_v1 2540 1628 2607 1681
screw_v1 1913 1911 1994 1987
screw_v1 2197 2412 2283 2478
screw_v2 2553 1298 2632 1363
transparent_cap 2857 1462 2991 1628
welding_seam 1729 2622 1953 2718
welding_spot 2831 1912 2915 1983
welding_spot 1711 463 1800 542
welding_spot 2870 1346 2959 1412
welding_spot 1117 2339 1205 2412
welding_spot 933 1267 1036 1331
welding_spot 2116 490 2203 557
welding_spot 952 1832 1038 1900
welding_spot 2630 2417 2719 2483
yellow_cable_tie 3111 1341 3191 1412
yellow_cap 3135 847 3232 991
bolt_v1 1126 92 1231 170
bolt_v1 1088 974 1143 1065
bolt_v1 2894 306 2978 405
bolt_v5 1257 1133 1391 1272
bolt_v5 1496 1145 1633 1273
green_disk 3336 2209 3760 2458
green_disk 3152 2173 3933 2503
screw_v1 1522 2349 1596 2418
screw_v1 2563 1438 2632 1496
screw_v1 2540 1628 2607 1681
screw_v1 1913 1911 1994 1987
screw_v1 2197 2412 2283 2478
screw_v2 2553 1298 2632 1363
transparent_cap 2857 1462 2991 1628
welding_seam 1729 2622 1953 2718
welding_spot 2831 1912 2915 1983
welding_spot 1711 463 1800 542
welding_spot 2870 1346 2959 1412
welding_spot 1117 2339 1205 2412
welding_spot 933 1267 1036 1331
welding_spot 2116 490 2203 557
welding_spot 952 1832 1038 1900
welding_spot 2630 2417 2719 2483
yellow_cable_tie 3111 1341 3191 1412
yellow_cap 3135 847 3232 991
bolt_v1 1126 92 1231 170
bolt_v1 1088 974 1143 1065
bolt_v1 2894 306 2978 405
bolt_v5 1257 1133 1391 1272
bolt_v5 1496 1145 1633 1273
green_disk 3336 2209 3760 2458
green_disk 3152 2173 3933 2503
screw_v1 1522 2349 1596 2418
screw_v1 2563 1438 2632 1496
screw_v1 2540 1628 2607 1681
screw_v1 1913 1911 1994 1987
screw_v1 2197 2412 2283 2478
screw_v2 2553 1298 2632 1363
transparent_cap 2857 1462 2991 1628
welding_seam 1729 2622 1953 2718
welding_spot 2831 1912 2915 1983
welding_spot 1711 463 1800 542
welding_spot 2870 1346 2959 1412
welding_spot 1117 2339 1205 2412
welding_spot 933 1267 1036 1331
welding_spot 2116 490 2203 557
welding_spot 952 1832 1038 1900
welding_spot 2630 2417 2719 2483
yellow_cable_tie 3111 1341 3191 1412
yellow_cap 3135 847 3232 991
bolt_v1 1126 92 1231 170
bolt_v1 1088 974 1143 1065
bolt_v1 2894 306 2978 405
bolt_v5 1257 1133 1391 1272
bolt_v5 1496 1145 1633 1273
green_disk 3336 2209 3760 2458
green_disk 3152 2173 3933 2503
screw_v1 1522 2349 1596 2418
screw_v1 2563 1438 2632 1496
screw_v1 2540 1628 2607 1681
screw_v1 1913 1911 1994 1987
screw_v1 2197 2412 2283 2478
screw_v2 2553 1298 2632 1363
transparent_cap 2857 1462 2991 1628
welding_seam 1729 2622 1953 2718
welding_spot 2831 1912 2915 1983
welding_spot 1711 463 1800 542
welding_spot 2870 1346 2959 1412
welding_spot 1117 2339 1205 2412
welding_spot 933 1267 1036 1331
welding_spot 2116 490 2203 557
welding_spot 952 1832 1038 1900
welding_spot 2630 2417 2719 2483
yellow_cable_tie 3111 1341 3191 1412
yellow_cap 3135 847 3232 991
bolt_v1 1106 93 1209 172
bolt_v1 1069 986 1123 1078
bolt_v1 2843 310 2925 410
bolt_v5 1235 1146 1367 1288
bolt_v5 1470 1159 1604 1288
green_disk 3278 2236 3694 2487
green_disk 3096 2199 3864 2533
screw_v1 1495 2378 1568 2447
screw_v1 2517 1455 2585 1514
screw_v1 2496 1648 2562 1701
screw_v1 1879 1934 1958 2011
screw_v1 2159 2441 2242 2507
screw_v2 2508 1313 2586 1379
transparent_cap 2806 1479 2938 1647
welding_seam 1699 2653 1919 2751
welding_spot 2781 1935 2864 2007
welding_spot 1680 469 1769 549
welding_spot 2820 1363 2907 1429
welding_spot 1098 2367 1183 2441
welding_spot 917 1283 1017 1347
welding_spot 2079 496 2164 564
welding_spot 935 1854 1020 1923
welding_spot 2584 2446 2671 2513
yellow_cable_tie 3057 1357 3135 1429
yellow_cap 3080 857 3175 1003
bolt_v1 1106 93 1209 172
bolt_v1 1069 986 1123 1078
bolt_v1 2843 310 2925 410
bolt_v5 1235 1146 1367 1288
bolt_v5 1470 1159 1604 1288
green_disk 3278 2236 3694 2487
green_disk 3096 2199 3864 2533
screw_v1 1495 2378 1568 2447
screw_v1 2517 1455 2585 1514
screw_v1 2496 1648 2562 1701
screw_v1 1879 1934 1958 2011
screw_v1 2159 2441 2242 2507
screw_v2 2508 1313 2586 1379
transparent_cap 2806 1479 2938 1647
welding_seam 1699 2653 1919 2751
welding_spot 2781 1935 2864 2007
welding_spot 1680 469 1769 549
welding_spot 2820 1363 2907 1429
welding_spot 1098 2367 1183 2441
welding_spot 917 1283 1017 1347
welding_spot 2079 496 2164 564
welding_spot 935 1854 1020 1923
welding_spot 2584 2446 2671 2513
yellow_cable_tie 3057 1357 3135 1429
yellow_cap 3080 857 3175 1003
bolt_v1 2971 65 3090 154
bolt_v1 2856 742 2911 835
bolt_v3 2511 527 2653 716
bolt_v3 1654 534 1804 705
bolt_v4 1827 813 1985 904
bolt_v4 2117 809 2284 902
bolt_v5 1846 944 1970 1092
bolt_v5 2129 947 2260 1099
screw_v2 3188 1726 3271 1807
screw_v2 2399 1719 2485 1793
screw_v2 3241 1043 3329 1125
screw_v2 2421 1053 2502 1123
welding_seam 1434 1549 1525 1683
welding_seam 1232 1553 1330 1682
welding_spot 1277 2287 1373 2359
welding_spot 1498 2489 1581 2564
welding_spot 1150 828 1236 902
welding_spot 1941 2641 2023 2710
welding_spot 1900 449 2004 516
yellow_cap 3238 1305 3458 1600
yellow_cap 935 900 1038 1048
yellow_cap 2491 2494 2653 2647
